"TOA5","Station4_wx","CR1000","12861","CR1000.Std.28","CPU:SH_Site4_2_7.CR1","54124","DataTableInfo"
"TIMESTAMP","RECORD","DataTableName(1)","DataTableName(2)","SkippedRecord(1)","SkippedRecord(2)","DataRecordSize(1,1)","DataRecordSize(1,2)","DataRecordSize(2,1)","DataRecordSize(2,2)","SecsPerRecord(1)","SecsPerRecord(2)","DataFillDays(1,1)","DataFillDays(1,2)","DataFillDays(2,1)","DataFillDays(2,2)"
"TS","RN","","","","","records","records","records","records","","","days","days","days","days"
"","","","","","","","","","","","","","","",""
"2015-10-27 23:07:11.56",0,"TenMin","Raw",0,0,50072,29353422,50072,54375552,600,600,347.7222,203843.2,347.7222,377608
"2015-10-28 00:09:13.65",0,"TenMin","Raw",0,0,50072,29353422,50072,54375552,600,600,347.7222,203843.2,347.7222,377608
"2015-10-28 01:11:13.66",0,"TenMin","Raw",0,0,50072,29353422,50072,54375552,600,600,347.7222,203843.2,347.7222,377608
"2015-10-28 02:13:13.66",0,"TenMin","Raw",0,0,50072,29353422,50072,54375552,600,600,347.7222,203843.2,347.7222,377608
"2015-10-28 23:02:11.64",0,"TenMin","Raw",0,0,50072,29353422,50072,54375552,600,600,347.7222,203843.2,347.7222,377608
"2015-10-29 23:02:11.67",0,"TenMin","Raw",0,0,50072,29353422,50072,54375552,600,600,347.7222,203843.2,347.7222,377608
"2015-10-30 23:02:11.73",0,"TenMin","Raw",0,0,50072,29353422,50072,54375552,600,600,347.7222,203843.2,347.7222,377608
"2015-10-31 23:02:11.82",0,"TenMin","Raw",0,0,50072,29353422,50072,54375552,600,600,347.7222,203843.2,347.7222,377608
"2015-11-02 00:02:11.87",0,"TenMin","Raw",0,0,50072,29353422,50072,54375552,600,600,347.7222,203843.2,347.7222,377608
"2015-11-03 00:02:11.93",0,"TenMin","Raw",0,0,50072,29353422,50072,54375552,600,600,347.7222,203843.2,347.7222,377608
"2015-11-04 00:02:11.95",0,"TenMin","Raw",0,0,50072,29353422,50072,54375552,600,600,347.7222,203843.2,347.7222,377608
"2015-11-05 00:02:12.28",0,"TenMin","Raw",0,0,50072,29353422,50072,54375552,600,600,347.7222,203843.2,347.7222,377608
"2015-11-06 00:02:15.53",0,"TenMin","Raw",0,0,50072,29353422,50072,54375552,600,600,347.7222,203843.2,347.7222,377608
"2015-11-07 00:02:12.07",0,"TenMin","Raw",0,0,50072,29353422,50072,54375552,600,600,347.7222,203843.2,347.7222,377608
"2015-11-08 00:02:12.14",0,"TenMin","Raw",0,0,50072,29353422,50072,54375552,600,600,347.7222,203843.2,347.7222,377608
"2015-11-09 00:02:12.19",0,"TenMin","Raw",0,0,50072,29353422,50072,54375552,600,600,347.7222,203843.2,347.7222,377608
"2015-11-10 00:02:12.48",0,"TenMin","Raw",0,0,50072,29353422,50072,54375552,600,600,347.7222,203843.2,347.7222,377608
"2015-11-11 00:02:12.24",0,"TenMin","Raw",0,0,50072,29353422,50072,54375552,600,600,347.7222,203843.2,347.7222,377608
"2015-11-12 00:02:12.33",0,"TenMin","Raw",0,0,50072,29353422,50072,54375552,600,600,347.7222,203843.2,347.7222,377608
"2015-11-13 00:02:12.34",0,"TenMin","Raw",0,0,50072,29353422,50072,54375552,600,600,347.7222,203843.2,347.7222,377608
"2015-11-14 00:02:13.68",0,"TenMin","Raw",0,0,50072,29353422,50072,54375552,600,600,347.7222,203843.2,347.7222,377608
"2015-11-15 00:02:22.53",0,"TenMin","Raw",0,0,50072,29353422,50072,54375552,600,600,347.7222,203843.2,347.7222,377608
"2015-11-16 00:02:12.49",0,"TenMin","Raw",0,0,50072,29353422,50072,54375552,600,600,347.7222,203843.2,347.7222,377608
"2015-11-17 00:02:12.54",0,"TenMin","Raw",0,0,50072,29353422,50072,54375552,600,600,347.7222,203843.2,347.7222,377608
"2015-11-18 00:02:12.57",0,"TenMin","Raw",0,0,50072,29353422,50072,54375552,600,600,347.7222,203843.2,347.7222,377608
"2015-11-19 00:02:12.66",0,"TenMin","Raw",0,0,50072,29353422,50072,54375552,600,600,347.7222,203843.2,347.7222,377608
"2015-11-20 00:02:12.7",0,"TenMin","Raw",0,0,50072,29353422,50072,54375552,600,600,347.7222,203843.2,347.7222,377608
"2015-11-21 00:02:12.75",0,"TenMin","Raw",0,0,50072,29353422,50072,54375552,600,600,347.7222,203843.2,347.7222,377608
"2015-11-22 00:02:13.04",0,"TenMin","Raw",0,0,50072,29353422,50072,54375552,600,600,347.7222,203843.2,347.7222,377608
"2015-11-23 00:02:12.89",0,"TenMin","Raw",0,0,50072,29353422,50072,54375552,600,600,347.7222,203843.2,347.7222,377608
"2015-11-24 00:02:12.95",0,"TenMin","Raw",0,0,50072,29353422,50072,54375552,600,600,347.7222,203843.2,347.7222,377608
"2015-11-25 00:02:13.77",0,"TenMin","Raw",0,0,50072,29353422,50072,54375552,600,600,347.7222,203843.2,347.7222,377608
"2015-11-26 00:02:13.02",0,"TenMin","Raw",0,0,50072,29353422,50072,54375552,600,600,347.7222,203843.2,347.7222,377608
"2015-11-27 00:02:13.05",0,"TenMin","Raw",0,0,50072,29353422,50072,54375552,600,600,347.7222,203843.2,347.7222,377608
"2015-11-28 00:02:13.08",0,"TenMin","Raw",0,0,50072,29353422,50072,54375552,600,600,347.7222,203843.2,347.7222,377608
"2015-11-29 00:02:13.12",0,"TenMin","Raw",0,0,50072,29353422,50072,54375552,600,600,347.7222,203843.2,347.7222,377608
"2015-12-03 00:02:13.29",0,"TenMin","Raw",0,0,50072,29353422,50072,54375552,600,600,347.7222,203843.2,347.7222,377608
"2015-12-04 00:02:13.34",0,"TenMin","Raw",0,0,50072,29353422,50072,54375552,600,600,347.7222,203843.2,347.7222,377608
"2015-12-05 00:02:13.37",0,"TenMin","Raw",0,0,50072,29353422,50072,54375552,600,600,347.7222,203843.2,347.7222,377608
"2015-12-06 00:02:13.42",0,"TenMin","Raw",0,0,50072,29353422,50072,54375552,600,600,347.7222,203843.2,347.7222,377608
"2015-12-07 00:02:13.46",0,"TenMin","Raw",0,0,50072,29353422,50072,54375552,600,600,347.7222,203843.2,347.7222,377608
"2015-12-10 00:02:13.61",0,"TenMin","Raw",0,0,50072,29353422,50072,54375552,600,600,347.7222,203843.2,347.7222,377608
"2015-12-11 00:02:13.69",0,"TenMin","Raw",0,0,50072,29353422,50072,54375552,600,600,347.7222,203843.2,347.7222,377608
"2015-12-12 00:02:13.7",0,"TenMin","Raw",0,0,50072,29353422,50072,54375552,600,600,347.7222,203843.2,347.7222,377608
"2015-12-13 00:02:13.77",0,"TenMin","Raw",0,0,50072,29353422,50072,54375552,600,600,347.7222,203843.2,347.7222,377608
"2015-12-14 00:02:14.11",0,"TenMin","Raw",0,0,50072,29353422,50072,54375552,600,600,347.7222,203843.2,347.7222,377608
"2015-12-15 00:02:15.21",0,"TenMin","Raw",0,0,50072,29353422,50072,54375552,600,600,347.7222,203843.2,347.7222,377608
"2015-12-16 00:02:14.23",0,"TenMin","Raw",0,0,50072,29353422,50072,54375552,600,600,347.7222,203843.2,347.7222,377608
"2015-12-17 00:02:13.98",0,"TenMin","Raw",0,0,50072,29353422,50072,54375552,600,600,347.7222,203843.2,347.7222,377608
"2015-12-18 00:02:14.03",0,"TenMin","Raw",0,0,50072,29353422,50072,54375552,600,600,347.7222,203843.2,347.7222,377608
"2015-12-19 00:02:14.02",0,"TenMin","Raw",0,0,50072,29353422,50072,54375552,600,600,347.7222,203843.2,347.7222,377608
"2015-12-20 00:02:14.04",0,"TenMin","Raw",0,0,50072,29353422,50072,54375552,600,600,347.7222,203843.2,347.7222,377608
"2015-12-21 00:02:14.09",0,"TenMin","Raw",0,0,50072,29353422,50072,54375552,600,600,347.7222,203843.2,347.7222,377608
"2015-12-22 00:02:14.45",0,"TenMin","Raw",0,0,50072,29353422,50072,54375552,600,600,347.7222,203843.2,347.7222,377608
"2015-12-23 00:02:14.68",0,"TenMin","Raw",0,0,50072,29353422,50072,54375552,600,600,347.7222,203843.2,347.7222,377608
"2015-12-24 00:02:14.33",0,"TenMin","Raw",0,0,50072,29353422,50072,54375552,600,600,347.7222,203843.2,347.7222,377608
"2015-12-26 00:02:14.31",0,"TenMin","Raw",0,0,50072,29353422,50072,54375552,600,600,347.7222,203843.2,347.7222,377608
"2015-12-27 00:02:14.32",0,"TenMin","Raw",0,0,50072,29353422,50072,54375552,600,600,347.7222,203843.2,347.7222,377608
"2015-12-28 00:02:15.22",0,"TenMin","Raw",0,0,50072,29353422,50072,54375552,600,600,347.7222,203843.2,347.7222,377608
"2015-12-29 00:02:14.45",0,"TenMin","Raw",0,0,50072,29353422,50072,54375552,600,600,347.7222,203843.2,347.7222,377608
"2015-12-30 00:02:14.47",0,"TenMin","Raw",0,0,50072,29353422,50072,54375552,600,600,347.7222,203843.2,347.7222,377608
"2015-12-31 00:02:14.5",0,"TenMin","Raw",0,0,50072,29353422,50072,54375552,600,600,347.7222,203843.2,347.7222,377608
"2016-01-01 00:02:14.52",0,"TenMin","Raw",0,0,50072,29353422,50072,54375552,600,600,347.7222,203843.2,347.7222,377608
"2016-01-02 00:02:14.55",0,"TenMin","Raw",0,0,50072,29353422,50072,54375552,600,600,347.7222,203843.2,347.7222,377608
"2016-01-03 00:02:14.59",0,"TenMin","Raw",0,0,50072,29353422,50072,54375552,600,600,347.7222,203843.2,347.7222,377608
"2016-01-04 00:02:14.69",0,"TenMin","Raw",0,0,50072,29353422,50072,54375552,600,600,347.7222,203843.2,347.7222,377608
"2016-01-05 00:02:14.75",0,"TenMin","Raw",0,0,50072,29353422,50072,54375552,600,600,347.7222,203843.2,347.7222,377608
"2016-01-06 00:02:14.77",0,"TenMin","Raw",0,0,50072,29353422,50072,54375552,600,600,347.7222,203843.2,347.7222,377608
"2016-01-07 00:02:15.44",0,"TenMin","Raw",0,0,50072,29353422,50072,54375552,600,600,347.7222,203843.2,347.7222,377608
"2016-01-08 00:02:14.93",0,"TenMin","Raw",0,0,50072,29353422,50072,54375552,600,600,347.7222,203843.2,347.7222,377608
"2016-01-09 00:02:16.72",0,"TenMin","Raw",0,0,50072,29353422,50072,54375552,600,600,347.7222,203843.2,347.7222,377608
"2016-01-10 00:02:15.84",0,"TenMin","Raw",0,0,50072,29353422,50072,54375552,600,600,347.7222,203843.2,347.7222,377608
"2016-01-11 00:02:15.22",0,"TenMin","Raw",0,0,50072,29353422,50072,54375552,600,600,347.7222,203843.2,347.7222,377608
"2016-01-12 00:02:15.29",0,"TenMin","Raw",0,0,50072,29353422,50072,54375552,600,600,347.7222,203843.2,347.7222,377608
"2016-01-13 00:02:17.12",0,"TenMin","Raw",0,0,50072,29353422,50072,54375552,600,600,347.7222,203843.2,347.7222,377608
"2016-01-14 00:02:15.57",0,"TenMin","Raw",0,0,50072,29353422,50072,54375552,600,600,347.7222,203843.2,347.7222,377608
"2016-01-15 00:02:15.16",0,"TenMin","Raw",0,0,50072,29353422,50072,54375552,600,600,347.7222,203843.2,347.7222,377608
"2016-01-16 00:02:15.75",0,"TenMin","Raw",0,0,50072,29353422,50072,54375552,600,600,347.7222,203843.2,347.7222,377608
"2016-01-17 00:02:15.24",0,"TenMin","Raw",0,0,50072,29353422,50072,54375552,600,600,347.7222,203843.2,347.7222,377608
"2016-01-18 00:02:21.43",0,"TenMin","Raw",0,0,50072,29353422,50072,54375552,600,600,347.7222,203843.2,347.7222,377608
"2016-01-19 00:02:16.1",0,"TenMin","Raw",0,0,50072,29353422,50072,54375552,600,600,347.7222,203843.2,347.7222,377608
"2016-01-20 00:02:15.54",0,"TenMin","Raw",0,0,50072,29353422,50072,54375552,600,600,347.7222,203843.2,347.7222,377608
"2016-01-21 00:02:15.74",0,"TenMin","Raw",0,0,50072,29353422,50072,54375552,600,600,347.7222,203843.2,347.7222,377608
"2016-01-22 00:02:15.55",0,"TenMin","Raw",0,0,50072,29353422,50072,54375552,600,600,347.7222,203843.2,347.7222,377608
"2016-01-23 00:02:16.05",0,"TenMin","Raw",0,0,50072,29353422,50072,54375552,600,600,347.7222,203843.2,347.7222,377608
"2016-01-24 00:02:16.19",0,"TenMin","Raw",0,0,50072,29353422,50072,54375552,600,600,347.7222,203843.2,347.7222,377608
"2016-01-25 00:02:16.02",0,"TenMin","Raw",0,0,50072,29353422,50072,54375552,600,600,347.7222,203843.2,347.7222,377608
"2016-01-26 00:02:15.74",0,"TenMin","Raw",0,0,50072,29353422,50072,54375552,600,600,347.7222,203843.2,347.7222,377608
"2016-01-27 00:02:21.57",0,"TenMin","Raw",0,0,50072,29353422,50072,54375552,600,600,347.7222,203843.2,347.7222,377608
"2016-01-28 00:02:16.11",0,"TenMin","Raw",0,0,50072,29353422,50072,54375552,600,600,347.7222,203843.2,347.7222,377608
"2016-01-29 00:02:16.04",0,"TenMin","Raw",0,0,50072,29353422,50072,54375552,600,600,347.7222,203843.2,347.7222,377608
"2016-01-30 00:02:15.91",0,"TenMin","Raw",0,0,50072,29353422,50072,54375552,600,600,347.7222,203843.2,347.7222,377608
"2016-01-31 00:02:16.16",0,"TenMin","Raw",0,0,50072,29353422,50072,54375552,600,600,347.7222,203843.2,347.7222,377608
"2016-02-01 00:02:16.72",0,"TenMin","Raw",0,0,50072,29353422,50072,54375552,600,600,347.7222,203843.2,347.7222,377608
"2016-02-02 00:02:16.29",0,"TenMin","Raw",0,0,50072,29353422,50072,54375552,600,600,347.7222,203843.2,347.7222,377608
"2016-02-03 00:02:25.16",0,"TenMin","Raw",0,0,50072,29353422,50072,54375552,600,600,347.7222,203843.2,347.7222,377608
"2016-02-04 00:02:16.16",0,"TenMin","Raw",0,0,50072,29353422,50072,54375552,600,600,347.7222,203843.2,347.7222,377608
"2016-02-06 00:02:27.88",0,"TenMin","Raw",0,0,50072,29353422,50072,54375552,600,600,347.7222,203843.2,347.7222,377608
"2016-02-07 00:02:17.24",0,"TenMin","Raw",0,0,50072,29353422,50072,54375552,600,600,347.7222,203843.2,347.7222,377608
"2016-02-08 00:02:16.33",0,"TenMin","Raw",0,0,50072,29353422,50072,54375552,600,600,347.7222,203843.2,347.7222,377608
"2016-02-09 00:02:16.42",0,"TenMin","Raw",0,0,50072,29353422,50072,54375552,600,600,347.7222,203843.2,347.7222,377608
"2016-02-10 00:02:16.48",0,"TenMin","Raw",0,0,50072,29353422,50072,54375552,600,600,347.7222,203843.2,347.7222,377608
"2016-02-11 00:02:16.54",0,"TenMin","Raw",0,0,50072,29353422,50072,54375552,600,600,347.7222,203843.2,347.7222,377608
"2016-02-12 00:02:16.62",0,"TenMin","Raw",0,0,50072,29353422,50072,54375552,600,600,347.7222,203843.2,347.7222,377608
"2016-02-13 00:02:16.71",0,"TenMin","Raw",0,0,50072,29353422,50072,54375552,600,600,347.7222,203843.2,347.7222,377608
"2016-02-14 00:02:16.75",0,"TenMin","Raw",0,0,50072,29353422,50072,54375552,600,600,347.7222,203843.2,347.7222,377608
"2016-02-15 00:02:16.8",0,"TenMin","Raw",0,0,50072,29353422,50072,54375552,600,600,347.7222,203843.2,347.7222,377608
"2016-02-16 00:02:16.88",0,"TenMin","Raw",0,0,50072,29353422,50072,54375552,600,600,347.7222,203843.2,347.7222,377608
"2016-02-17 00:02:16.95",0,"TenMin","Raw",0,0,50072,29353422,50072,54375552,600,600,347.7222,203843.2,347.7222,377608
"2016-02-18 00:02:16.99",0,"TenMin","Raw",0,0,50072,29353422,50072,54375552,600,600,347.7222,203843.2,347.7222,377608
"2016-02-19 00:02:18.06",0,"TenMin","Raw",0,0,50072,29353422,50072,54375552,600,600,347.7222,203843.2,347.7222,377608
"2016-02-20 00:02:17.11",0,"TenMin","Raw",0,0,50072,29353422,50072,54375552,600,600,347.7222,203843.2,347.7222,377608
"2016-02-21 00:02:17.35",0,"TenMin","Raw",0,0,50072,29353422,50072,54375552,600,600,347.7222,203843.2,347.7222,377608
"2016-02-22 00:02:17.66",0,"TenMin","Raw",0,0,50072,29353422,50072,54375552,600,600,347.7222,203843.2,347.7222,377608
"2016-02-23 00:02:17.24",0,"TenMin","Raw",0,0,50072,29353422,50072,54375552,600,600,347.7222,203843.2,347.7222,377608
"2016-02-24 00:02:17.32",0,"TenMin","Raw",0,0,50072,29353422,50072,54375552,600,600,347.7222,203843.2,347.7222,377608
"2016-02-25 00:02:17.64",0,"TenMin","Raw",0,0,50072,29353422,50072,54375552,600,600,347.7222,203843.2,347.7222,377608
"2016-02-26 00:02:17.51",0,"TenMin","Raw",0,0,50072,29353422,50072,54375552,600,600,347.7222,203843.2,347.7222,377608
"2016-02-27 00:02:17.74",0,"TenMin","Raw",0,0,50072,29353422,50072,54375552,600,600,347.7222,203843.2,347.7222,377608
"2016-02-28 00:02:17.61",0,"TenMin","Raw",0,0,50072,29353422,50072,54375552,600,600,347.7222,203843.2,347.7222,377608
"2016-02-29 00:02:17.68",0,"TenMin","Raw",0,0,50072,29353422,50072,54375552,600,600,347.7222,203843.2,347.7222,377608
"2016-03-01 00:02:29.46",0,"TenMin","Raw",0,0,50072,29353422,50072,54375552,600,600,347.7222,203843.2,347.7222,377608
"2016-03-03 00:02:18.05",0,"TenMin","Raw",0,0,50072,29353422,50072,54375552,600,600,347.7222,203843.2,347.7222,377608
"2016-03-04 00:02:19.87",0,"TenMin","Raw",0,0,50072,29353422,50072,54375552,600,600,347.7222,203843.2,347.7222,377608
"2016-03-05 00:02:17.93",0,"TenMin","Raw",0,0,50072,29353422,50072,54375552,600,600,347.7222,203843.2,347.7222,377608
"2016-03-06 00:02:27.01",0,"TenMin","Raw",0,0,50072,29353422,50072,54375552,600,600,347.7222,203843.2,347.7222,377608
"2016-03-07 00:02:18.01",0,"TenMin","Raw",0,0,50072,29353422,50072,54375552,600,600,347.7222,203843.2,347.7222,377608
"2016-03-08 00:02:18.91",0,"TenMin","Raw",0,0,50072,29353422,50072,54375552,600,600,347.7222,203843.2,347.7222,377608
"2016-03-09 00:02:18.33",0,"TenMin","Raw",0,0,50072,29353422,50072,54375552,600,600,347.7222,203843.2,347.7222,377608
"2016-03-10 00:02:23.11",0,"TenMin","Raw",0,0,50072,29353422,50072,54375552,600,600,347.7222,203843.2,347.7222,377608
"2016-03-11 00:02:18.21",0,"TenMin","Raw",0,0,50072,29353422,50072,54375552,600,600,347.7222,203843.2,347.7222,377608
"2016-03-12 00:02:19.61",0,"TenMin","Raw",0,0,50072,29353422,50072,54375552,600,600,347.7222,203843.2,347.7222,377608
"2016-03-13 00:02:18.29",0,"TenMin","Raw",0,0,50072,29353422,50072,54375552,600,600,347.7222,203843.2,347.7222,377608
"2016-03-13 23:02:18.35",0,"TenMin","Raw",0,0,50072,29353422,50072,54375552,600,600,347.7222,203843.2,347.7222,377608
"2016-03-14 23:02:18.63",0,"TenMin","Raw",0,0,50072,29353422,50072,54375552,600,600,347.7222,203843.2,347.7222,377608
"2016-03-15 23:02:18.7",0,"TenMin","Raw",0,0,50072,29353422,50072,54375552,600,600,347.7222,203843.2,347.7222,377608
"2016-03-16 23:02:18.51",0,"TenMin","Raw",0,0,50072,29353422,50072,54375552,600,600,347.7222,203843.2,347.7222,377608
"2016-03-17 23:02:18.57",0,"TenMin","Raw",0,0,50072,29353422,50072,54375552,600,600,347.7222,203843.2,347.7222,377608
"2016-03-18 23:02:19.86",0,"TenMin","Raw",0,0,50072,29353422,50072,54375552,600,600,347.7222,203843.2,347.7222,377608
"2016-03-19 23:02:21.76",0,"TenMin","Raw",0,0,50072,29353422,50072,54375552,600,600,347.7222,203843.2,347.7222,377608
"2016-03-20 23:02:18.77",0,"TenMin","Raw",0,0,50072,29353422,50072,54375552,600,600,347.7222,203843.2,347.7222,377608
"2016-03-21 23:02:18.86",0,"TenMin","Raw",0,0,50072,29353422,50072,54375552,600,600,347.7222,203843.2,347.7222,377608
"2016-03-22 23:02:19.37",0,"TenMin","Raw",0,0,50072,29353422,50072,54375552,600,600,347.7222,203843.2,347.7222,377608
"2016-03-23 23:02:18.97",0,"TenMin","Raw",0,0,50072,29353422,50072,54375552,600,600,347.7222,203843.2,347.7222,377608
"2016-03-24 23:02:18.96",0,"TenMin","Raw",0,0,50072,29353422,50072,54375552,600,600,347.7222,203843.2,347.7222,377608
"2016-03-25 23:02:19.31",0,"TenMin","Raw",0,0,50072,29353422,50072,54375552,600,600,347.7222,203843.2,347.7222,377608
"2016-03-26 23:02:19.4",0,"TenMin","Raw",0,0,50072,29353422,50072,54375552,600,600,347.7222,203843.2,347.7222,377608
"2016-03-27 23:02:19.85",0,"TenMin","Raw",0,0,50072,29353422,50072,54375552,600,600,347.7222,203843.2,347.7222,377608
"2016-03-28 23:02:19.3",0,"TenMin","Raw",0,0,50072,29353422,50072,54375552,600,600,347.7222,203843.2,347.7222,377608
"2016-03-29 23:02:23.4",0,"TenMin","Raw",0,0,50072,29353422,50072,54375552,600,600,347.7222,203843.2,347.7222,377608
"2016-03-30 23:02:19.28",0,"TenMin","Raw",0,0,50072,29353422,50072,54375552,600,600,347.7222,203843.2,347.7222,377608
"2016-03-31 23:02:19.47",0,"TenMin","Raw",0,0,50072,29353422,50072,54375552,600,600,347.7222,203843.2,347.7222,377608
"2016-04-01 23:02:19.87",0,"TenMin","Raw",0,0,50072,29353422,50072,54375552,600,600,347.7222,203843.2,347.7222,377608
"2016-04-02 23:02:19.65",0,"TenMin","Raw",0,0,50072,29353422,50072,54375552,600,600,347.7222,203843.2,347.7222,377608
"2016-04-03 23:02:19.7",0,"TenMin","Raw",0,0,50072,29353422,50072,54375552,600,600,347.7222,203843.2,347.7222,377608
"2016-04-04 23:02:19.61",0,"TenMin","Raw",0,0,50072,29353422,50072,54375552,600,600,347.7222,203843.2,347.7222,377608
"2016-04-05 23:02:20.17",0,"TenMin","Raw",0,0,50072,29353422,50072,54375552,600,600,347.7222,203843.2,347.7222,377608
"2016-04-06 23:02:19.74",0,"TenMin","Raw",0,0,50072,29353422,50072,54375552,600,600,347.7222,203843.2,347.7222,377608
"2016-04-07 23:02:19.88",0,"TenMin","Raw",0,0,50072,29353422,50072,54375552,600,600,347.7222,203843.2,347.7222,377608
"2016-04-08 23:02:20.37",0,"TenMin","Raw",0,0,50072,29353422,50072,54375552,600,600,347.7222,203843.2,347.7222,377608
"2016-04-09 23:02:20.03",0,"TenMin","Raw",0,0,50072,29353422,50072,54375552,600,600,347.7222,203843.2,347.7222,377608
"2016-04-10 23:02:21.03",0,"TenMin","Raw",0,0,50072,29353422,50072,54375552,600,600,347.7222,203843.2,347.7222,377608
"2016-04-11 23:02:20.6",0,"TenMin","Raw",0,0,50072,29353422,50072,54375552,600,600,347.7222,203843.2,347.7222,377608
"2016-04-12 23:02:20.96",0,"TenMin","Raw",0,0,50072,29353422,50072,54375552,600,600,347.7222,203843.2,347.7222,377608
"2016-04-13 23:02:57.42",0,"TenMin","Raw",0,0,50072,29353422,50072,54375552,600,600,347.7222,203843.2,347.7222,377608
"2016-04-14 23:02:20.4",0,"TenMin","Raw",0,0,50072,29353422,50072,54375552,600,600,347.7222,203843.2,347.7222,377608
"2016-04-15 23:02:21",0,"TenMin","Raw",0,0,50072,29353422,50072,54375552,600,600,347.7222,203843.2,347.7222,377608
"2016-04-16 23:02:20.8",0,"TenMin","Raw",0,0,50072,29353422,50072,54375552,600,600,347.7222,203843.2,347.7222,377608
"2016-04-17 23:02:21.1",0,"TenMin","Raw",0,0,50072,29353422,50072,54375552,600,600,347.7222,203843.2,347.7222,377608
"2016-04-18 23:02:20.63",0,"TenMin","Raw",0,0,50072,29353422,50072,54375552,600,600,347.7222,203843.2,347.7222,377608
"2016-04-19 23:02:21.12",0,"TenMin","Raw",0,0,50072,29353422,50072,54375552,600,600,347.7222,203843.2,347.7222,377608
"2016-04-20 23:02:20.71",0,"TenMin","Raw",0,0,50072,29353422,50072,54375552,600,600,347.7222,203843.2,347.7222,377608
"2016-04-21 23:02:21.86",0,"TenMin","Raw",0,0,50072,29353422,50072,54375552,600,600,347.7222,203843.2,347.7222,377608
"2016-04-22 23:02:22.61",0,"TenMin","Raw",0,0,50072,29353422,50072,54375552,600,600,347.7222,203843.2,347.7222,377608
"2016-04-23 23:02:20.84",0,"TenMin","Raw",0,0,50072,29353422,50072,54375552,600,600,347.7222,203843.2,347.7222,377608
"2016-04-24 23:02:20.88",0,"TenMin","Raw",0,0,50072,29353422,50072,54375552,600,600,347.7222,203843.2,347.7222,377608
"2016-04-25 23:02:21.11",0,"TenMin","Raw",0,0,50072,29353422,50072,54375552,600,600,347.7222,203843.2,347.7222,377608
"2016-04-26 23:02:59.08",0,"TenMin","Raw",0,0,50072,29353422,50072,54375552,600,600,347.7222,203843.2,347.7222,377608
"2016-04-27 23:02:21.01",0,"TenMin","Raw",0,0,50072,29353422,50072,54375552,600,600,347.7222,203843.2,347.7222,377608
"2016-04-28 23:02:22.14",0,"TenMin","Raw",0,0,50072,29353422,50072,54375552,600,600,347.7222,203843.2,347.7222,377608
"2016-04-29 23:02:21.15",0,"TenMin","Raw",0,0,50072,29353422,50072,54375552,600,600,347.7222,203843.2,347.7222,377608
"2016-04-30 23:02:22.47",0,"TenMin","Raw",0,0,50072,29353422,50072,54375552,600,600,347.7222,203843.2,347.7222,377608
"2016-05-01 23:02:23.75",0,"TenMin","Raw",0,0,50072,29353422,50072,54375552,600,600,347.7222,203843.2,347.7222,377608
"2016-05-02 23:02:21.49",0,"TenMin","Raw",0,0,50072,29353422,50072,54375552,600,600,347.7222,203843.2,347.7222,377608
"2016-05-03 23:02:21.85",0,"TenMin","Raw",0,0,50072,29353422,50072,54375552,600,600,347.7222,203843.2,347.7222,377608
"2016-05-04 23:02:21.46",0,"TenMin","Raw",0,0,50072,29353422,50072,54375552,600,600,347.7222,203843.2,347.7222,377608
"2016-05-05 23:02:21.69",0,"TenMin","Raw",0,0,50072,29353422,50072,54375552,600,600,347.7222,203843.2,347.7222,377608
"2016-05-06 23:02:22.82",0,"TenMin","Raw",0,0,50072,29353422,50072,54375552,600,600,347.7222,203843.2,347.7222,377608
"2016-05-08 23:02:23.85",0,"TenMin","Raw",0,0,50072,29353422,50072,54375552,600,600,347.7222,203843.2,347.7222,377608
